a = [ 1 2 3]

a =

     1     2     3

b = [4 5 6]

b =

     4     5     6

dp = a.*b

dp =

     4    10    18

b = b'

b =

     4
     5
     6

cp = a*b

cp =

    32

diary off
